25
1 2
1 10
1 12
1 13
1 14
1 16
1 17
1 20
1 23
2 1
2 2
2 3
2 5
2 7
2 16
2 22
2 23
3 1
3 3
3 5
3 9
3 16
3 18
3 25
4 3
4 11
4 12
4 17
4 19
5 3
5 4
5 5
5 9
5 14
5 17
5 18
5 20
5 25
6 8
6 9
6 14
6 22
6 24
7 11
7 12
7 13
7 14
7 20
7 21
7 22
7 24
8 12
8 14
8 17
8 18
8 19
8 21
8 22
8 24
9 4
9 6
9 7
9 12
9 13
9 17
9 21
9 22
9 24
10 2
10 3
10 8
10 13
10 20
10 22
10 23
10 25
11 5
11 6
11 15
11 17
11 18
11 20
11 21
11 24
11 25
12 1
12 3
12 5
12 15
12 21
13 1
13 4
13 6
13 11
13 15
13 18
13 20
13 21
13 23
13 25
14 1
14 7
14 8
14 11
14 17
14 19
14 22
14 24
15 3
15 4
15 9
15 12
15 18
16 1
16 3
16 9
16 10
16 12
16 15
16 19
17 4
17 12
17 15
17 19
18 1
18 7
18 18
18 22
18 25
19 3
19 10
19 11
19 16
19 17
19 20
19 23
20 12
20 13
20 15
20 16
20 21
20 24
21 4
21 5
21 10
21 14
21 17
21 19
22 3
22 5
22 10
22 14
22 16
22 23
23 2
23 4
23 5
23 9
23 15
23 16
23 23
23 24
24 2
24 3
24 7
24 8
24 9
24 11
24 17
24 18
24 24
25 3
25 4
25 9
25 13
25 21
25 24
25 25
